周波数 (Hz)	レベル (dB)
43.066406	-27.985613
86.132812	-24.263491
129.199219	-26.399412
172.265625	-34.873749
215.332031	-38.568367
258.398438	-40.951019
301.464844	-40.070656
344.531250	-38.834801
387.597656	-37.683201
430.664062	-37.933319
473.730469	-41.585716
516.796875	-44.829731
559.863281	-46.766541
602.929688	-49.487247
645.996094	-50.394573
689.062500	-49.532894
732.128906	-45.432331
775.195312	-41.503574
818.261719	-39.839516
861.328125	-42.601219
904.394531	-46.521336
947.460938	-49.687046
990.527344	-50.111980
1033.593750	-47.054626
1076.660156	-46.540180
1119.726562	-48.090992
1162.792969	-51.550930
1205.859375	-51.500637
1248.925781	-47.269531
1291.992188	-44.951057
1335.058594	-42.660385
1378.125000	-40.825092
1421.191406	-41.985424
1464.257812	-44.412952
1507.324219	-44.710224
1550.390625	-41.890575
1593.457031	-42.346375
1636.523438	-45.088219
1679.589844	-44.647511
1722.656250	-44.267239
1765.722656	-43.729725
1808.789062	-43.661480
1851.855469	-44.269566
1894.921875	-46.814651
1937.988281	-47.326412
1981.054688	-44.606724
2024.121094	-44.119595
2067.187500	-44.904171
2110.253906	-46.381844
2153.320312	-49.671974
2196.386719	-51.277180
2239.453125	-51.084286
2282.519531	-51.852787
2325.585938	-51.005199
2368.652344	-49.011124
2411.718750	-46.987236
2454.785156	-45.170147
2497.851562	-44.158249
2540.917969	-45.332161
2583.984375	-47.540264
2627.050781	-46.625343
2670.117188	-46.305267
2713.183594	-45.482674
2756.250000	-45.915058
2799.316406	-45.694843
2842.382812	-44.398067
2885.449219	-43.460007
2928.515625	-43.555168
2971.582031	-43.357155
3014.648438	-45.075218
3057.714844	-46.120758
3100.781250	-47.198280
3143.847656	-48.983284
3186.914062	-45.876060
3229.980469	-42.063782
3273.046875	-41.494625
3316.113281	-43.569393
3359.179688	-45.506618
3402.246094	-42.173950
3445.312500	-41.244972
3488.378906	-43.168686
3531.445312	-44.763882
3574.511719	-46.889843
3617.578125	-48.116398
3660.644531	-49.068428
3703.710938	-47.614613
3746.777344	-46.566540
3789.843750	-48.081390
3832.910156	-49.569031
3875.976562	-51.398697
3919.042969	-51.066109
3962.109375	-49.819260
4005.175781	-47.677250
4048.242188	-46.837658
4091.308594	-45.524261
4134.375000	-43.399380
4177.441406	-43.986763
4220.507812	-44.406155
4263.574219	-44.371704
4306.640625	-43.733582
4349.707031	-43.771461
4392.773438	-45.067833
4435.839844	-47.189568
4478.906250	-49.899204
4521.972656	-51.685047
4565.039062	-53.482880
4608.105469	-51.094913
4651.171875	-47.674404
4694.238281	-45.341415
4737.304688	-45.013340
4780.371094	-45.355484
4823.437500	-47.271107
4866.503906	-47.685890
4909.570312	-46.446621
4952.636719	-45.976746
4995.703125	-47.149723
5038.769531	-48.520058
5081.835938	-47.653374
5124.902344	-44.979248
5167.968750	-42.965603
5211.035156	-43.729156
5254.101562	-48.542286
5297.167969	-49.139782
5340.234375	-46.198326
5383.300781	-46.607552
5426.367188	-47.934029
5469.433594	-49.046471
5512.500000	-48.211262
5555.566406	-49.336254
5598.632812	-52.487282
5641.699219	-51.602596
5684.765625	-50.236881
5727.832031	-50.400356
5770.898438	-51.698112
5813.964844	-52.472393
5857.031250	-52.674725
5900.097656	-50.624493
5943.164062	-50.017109
5986.230469	-50.486229
6029.296875	-51.877289
6072.363281	-48.710209
6115.429688	-48.048012
6158.496094	-50.667908
6201.562500	-51.992119
6244.628906	-50.795963
6287.695312	-49.681664
6330.761719	-48.678230
6373.828125	-46.581291
6416.894531	-45.342880
6459.960938	-46.257175
6503.027344	-48.086239
6546.093750	-47.869125
6589.160156	-46.625340
6632.226562	-47.807449
6675.292969	-50.820492
6718.359375	-52.230045
6761.425781	-51.845039
6804.492188	-51.243153
6847.558594	-50.154495
6890.625000	-49.473030
6933.691406	-52.384163
6976.757812	-50.149765
7019.824219	-45.209663
7062.890625	-43.287239
7105.957031	-43.542042
7149.023438	-45.204662
7192.089844	-44.777515
7235.156250	-43.555611
7278.222656	-43.201595
7321.289062	-45.603680
7364.355469	-49.139965
7407.421875	-48.201820
7450.488281	-48.615341
7493.554688	-49.207050
7536.621094	-48.927399
7579.687500	-49.388481
7622.753906	-49.838230
7665.820312	-51.221355
7708.886719	-52.720554
7751.953125	-52.355431
7795.019531	-52.351681
7838.085938	-53.490589
7881.152344	-52.584965
7924.218750	-51.088520
7967.285156	-50.449333
8010.351562	-50.807911
8053.417969	-50.509830
8096.484375	-50.902100
8139.550781	-50.791534
8182.617188	-49.167175
8225.683594	-48.190548
8268.750000	-48.860516
8311.816406	-49.401054
8354.882812	-48.301083
8397.949219	-47.591957
8441.015625	-47.068935
8484.082031	-46.788174
8527.148438	-45.281364
8570.214844	-43.985447
8613.281250	-43.999161
8656.347656	-45.525829
8699.414062	-45.756653
8742.480469	-45.466640
8785.546875	-44.593822
8828.613281	-44.771961
8871.679688	-44.868286
8914.746094	-44.256382
8957.812500	-43.983223
9000.878906	-45.299252
9043.945312	-45.241272
9087.011719	-45.119907
9130.078125	-44.383942
9173.144531	-44.915668
9216.210938	-46.218948
9259.277344	-49.469810
9302.343750	-50.684013
9345.410156	-49.326744
9388.476562	-47.706287
9431.542969	-47.653664
9474.609375	-49.655064
9517.675781	-48.976334
9560.742188	-46.284260
9603.808594	-45.426151
9646.875000	-46.612087
9689.941406	-48.879135
9733.007812	-51.844292
9776.074219	-49.298912
9819.140625	-46.637814
9862.207031	-45.522465
9905.273438	-46.721504
9948.339844	-51.236481
9991.406250	-51.580944
10034.472656	-48.437050
10077.539062	-48.574310
10120.605469	-50.065357
10163.671875	-50.083534
10206.738281	-47.779106
10249.804688	-46.804417
10292.871094	-46.372139
10335.937500	-44.991615
10379.003906	-46.588802
10422.070312	-48.351719
10465.136719	-46.255493
10508.203125	-45.522770
10551.269531	-47.485245
10594.335938	-49.978222
10637.402344	-47.969791
10680.468750	-47.026325
10723.535156	-46.768085
10766.601562	-46.371132
10809.667969	-44.051075
10852.734375	-42.415894
10895.800781	-43.372158
10938.867188	-47.206394
10981.933594	-47.988613
11025.000000	-47.237701
11068.066406	-48.552456
11111.132812	-47.146351
11154.199219	-46.108421
11197.265625	-48.117146
11240.332031	-50.003197
11283.398438	-48.984257
11326.464844	-49.601192
11369.531250	-46.364597
11412.597656	-44.130119
11455.664062	-45.808990
11498.730469	-49.272099
11541.796875	-50.512966
11584.863281	-47.569649
11627.929688	-46.461540
11670.996094	-47.394455
11714.062500	-48.051697
11757.128906	-47.663315
11800.195312	-49.658936
11843.261719	-50.569336
11886.328125	-50.153641
11929.394531	-49.903328
11972.460938	-48.184746
12015.527344	-46.370010
12058.593750	-43.597645
12101.660156	-42.278534
12144.726562	-43.251389
12187.792969	-45.188164
12230.859375	-42.709385
12273.925781	-39.887436
12316.992188	-39.446625
12360.058594	-42.056519
12403.125000	-47.258419
12446.191406	-43.893303
12489.257812	-41.895138
12532.324219	-42.984947
12575.390625	-44.694660
12618.457031	-42.819233
12661.523438	-40.616844
12704.589844	-41.078014
12747.656250	-45.340614
12790.722656	-50.095039
12833.789062	-43.154110
12876.855469	-39.769661
12919.921875	-38.808521
12962.988281	-38.766312
13006.054688	-40.005123
13049.121094	-39.273293
13092.187500	-39.332870
13135.253906	-40.640102
13178.320312	-42.601543
13221.386719	-44.669193
13264.453125	-44.550377
13307.519531	-44.514267
13350.585938	-42.260120
13393.652344	-41.297974
13436.718750	-42.574997
13479.785156	-44.739971
13522.851562	-45.744991
13565.917969	-44.716415
13608.984375	-44.773312
13652.050781	-41.549500
13695.117188	-40.308083
13738.183594	-39.909302
13781.250000	-39.865879
13824.316406	-40.805340
13867.382812	-43.592770
13910.449219	-43.080074
13953.515625	-39.962616
13996.582031	-38.786392
14039.648438	-38.372650
14082.714844	-39.090237
14125.781250	-39.701118
14168.847656	-41.497192
14211.914062	-44.921791
14254.980469	-46.292824
14298.046875	-45.939789
14341.113281	-47.935471
14384.179688	-46.798504
14427.246094	-44.000805
14470.312500	-39.657608
14513.378906	-38.513142
14556.445312	-40.581520
14599.511719	-42.145016
14642.578125	-40.895901
14685.644531	-41.111034
14728.710938	-41.850666
14771.777344	-41.178940
14814.843750	-41.133888
14857.910156	-41.471291
14900.976562	-39.943195
14944.042969	-40.633778
14987.109375	-42.857189
15030.175781	-41.075420
15073.242188	-41.083057
15116.308594	-43.654716
15159.375000	-41.849762
15202.441406	-40.353149
15245.507812	-42.510773
15288.574219	-43.998356
15331.640625	-41.674480
15374.707031	-38.796799
15417.773438	-36.358437
15460.839844	-35.295017
15503.906250	-36.387817
15546.972656	-38.664902
15590.039062	-39.353661
15633.105469	-37.228348
15676.171875	-36.130131
15719.238281	-36.140339
15762.304688	-36.857388
15805.371094	-36.993011
15848.437500	-36.590786
15891.503906	-37.053509
15934.570312	-38.460537
15977.636719	-37.658882
16020.703125	-35.419743
16063.769531	-34.938656
16106.835938	-35.668995
16149.902344	-38.192883
16192.968750	-38.920998
16236.035156	-35.671021
16279.101562	-34.249409
16322.167969	-34.481068
16365.234375	-33.826080
16408.300781	-33.306335
16451.367188	-35.180584
16494.433594	-37.073624
16537.500000	-34.911472
16580.566406	-33.838135
16623.632812	-34.226440
16666.699219	-35.646427
16709.765625	-35.651371
16752.832031	-36.982719
16795.898438	-39.433571
16838.964844	-37.656578
16882.031250	-36.403046
16925.097656	-36.550644
16968.164062	-36.609184
17011.230469	-37.494553
17054.296875	-38.237305
17097.363281	-37.396755
17140.429688	-35.273834
17183.496094	-34.529060
17226.562500	-34.794350
17269.628906	-35.155418
17312.695312	-34.469711
17355.761719	-34.834934
17398.828125	-36.738758
17441.894531	-38.645744
17484.960938	-38.029514
17528.027344	-37.841465
17571.093750	-37.199383
17614.160156	-37.850723
17657.226562	-38.453495
17700.292969	-37.735382
17743.359375	-38.758137
17786.425781	-40.352135
17829.492188	-39.941364
17872.558594	-38.459564
17915.625000	-37.113007
17958.691406	-40.065205
18001.757812	-43.188385
18044.824219	-42.310196
18087.890625	-42.775314
18130.957031	-42.603016
18174.023438	-42.191036
18217.089844	-42.752213
18260.156250	-42.611843
18303.222656	-40.008518
18346.289062	-37.037075
18389.355469	-36.318394
18432.421875	-36.096310
18475.488281	-34.232124
18518.554688	-33.538063
18561.621094	-34.368168
18604.687500	-36.680775
18647.753906	-40.067551
18690.820312	-42.798798
18733.886719	-40.693192
18776.953125	-37.709034
18820.019531	-35.635685
18863.085938	-35.411800
18906.152344	-37.177868
18949.218750	-38.874844
18992.285156	-38.384384
19035.351562	-37.117977
19078.417969	-36.556995
19121.484375	-36.992313
19164.550781	-37.150459
19207.617188	-38.053692
19250.683594	-40.285606
19293.750000	-43.007393
19336.816406	-40.798653
19379.882812	-39.715397
19422.949219	-40.915150
19466.015625	-42.467884
19509.082031	-41.562973
19552.148438	-39.277225
19595.214844	-39.228542
19638.281250	-40.868885
19681.347656	-40.784370
19724.414062	-40.823524
19767.480469	-40.299671
19810.546875	-39.513424
19853.613281	-40.612354
19896.679688	-40.442242
19939.746094	-39.100788
19982.812500	-39.078651
20025.878906	-39.489708
20068.945312	-39.599541
20112.011719	-39.471951
20155.078125	-40.742947
20198.144531	-42.307194
20241.210938	-40.251472
20284.277344	-38.548260
20327.343750	-37.764664
20370.410156	-38.247051
20413.476562	-40.434765
20456.542969	-40.926899
20499.609375	-39.129574
20542.675781	-37.741306
20585.742188	-38.501831
20628.808594	-40.358925
20671.875000	-40.509819
20714.941406	-41.726566
20758.007812	-43.619995
20801.074219	-42.038036
20844.140625	-41.245895
20887.207031	-40.559570
20930.273438	-40.975868
20973.339844	-42.567074
21016.406250	-42.393463
21059.472656	-41.763523
21102.539062	-42.141090
21145.605469	-42.978786
21188.671875	-43.219700
21231.738281	-43.382320
21274.804688	-44.351608
21317.871094	-46.373928
21360.937500	-46.896545
21404.003906	-45.837032
21447.070312	-45.292419
21490.136719	-45.539719
21533.203125	-47.363850
21576.269531	-51.033356
21619.335938	-50.674671
21662.402344	-48.696583
21705.468750	-49.414345
21748.535156	-53.590275
21791.601562	-48.162582
21834.667969	-44.669750
21877.734375	-45.492130
21920.800781	-48.068005
21963.867188	-49.767490
22006.933594	-45.504772
